41841141
41835823
41799541
41789881
41789878
41789877
41768966
41727908
41694203
41657755
41648706
41648679
41591941
41568744
41555492
41541652
41467083
41462535
33661592
33119245
41333155
37590686
34978779
41244194
41244191
41244188
41244177
41244169
41244166
41244162
41244155
41220572
41210931
41209393
41181623
41134129
41113085
41078462
41046464
41028964
40959525
40928067
40881468
40843143
40837977
40838006
40838001
40837999
40837997
40837993
40837989
40837987
40837983
40837979
40837975
40837974
40804735
36580567
40787264
40758469
36375006
40656628
40654500
40654486
40603252
40603251
40603250
40584429
40584428
40584142
40575598
33226740
40538891
40521398
40496603
33877751
40487751
40453629
40444270
40444030
40438199
40416821
32200603
40390982
40386350
40385600
40376480
32352694
41489893
40337058
40315014
40313424
40313418
41359789
41359788
34081427
40292028
40224132
40224122
40224091
40224084
36198024
40212819
40190487
40182475
40182463
40182449
40171150
40170883
40168063
40144399
40124851
40116375
40110350
32239880
40099166
40093267
40083425
40061909
40046004
40028440
40027538
40027397
36173874
39992236
39991466
39990537
39990534
39990531
39990526
39958604
39950096
39935535
39931544
39931522
41489888
39927109
39911268
39906306
39902440
39902434
39902428
39902424
39902416
39902408
39895804
39877394
39872186
39872183
39866639
39835238
39822704
39822703
39822702
39822701
39822700
39822697
39822692
39822691
39822688
39822686
39822683
39822682
39822681
39822678
39822676
39822671
39822666
39822664
33351401
39815927
41489887
39773079
39760864
39744045
39736997
39736499
39734907
39734899
39734897
39734895
39734888
39734885
39734883
39734875
39734872
39734867
39734865
39734863
39734856
39734843
39734838
39734837
39734836
39734834
39734829
39734827
39734589
39734475
39734400
39720572
39712127
39712117
39712089
39710879
39678830
39678432
39669403
39657957
39649765
39649075
39640377
39635088
39631964
34097371
39620723
39618471
39618468
39618461
39618457
39618453
39618446
39618441
39618438
39618435
39618433
41489879
39600916
39600542
39600470
39593486
39593461
39593454
39593453
39593452
39588290
39555177
39554852
39554804
39553381
39529795
39525810
39525809
39525480
39502454
39493693
39493287
39493285
39483665
39483663
39483661
39483652
39483648
39486871
39479312
39464248
39464235
39450302
39444948
39440281
40163613
39434871
39429752
39403404
39399719
34458589
39386289
39386057
39381722
39376777
39376771
39376767
39376766
39376757
39371428
39370178
39364258
39359309
39355852
39355568
39355272
39351909
39347503
39345284
39329166
39329165
39329088
39328886
39328300
39324774
39323974
39323574
39323571
39319063
39318418
39318413
39310037
39309596
39309595
39309593
39309592
39309591
39309587
39309585
39309583
39309577
39308897
39301570
41489890
39296495
39296307
39295635
39292831
39281333
39281331
39281329
39271108
39288244
39268475
39268245
39268187
39265982
39263388
39258288
39247672
39242093
39242092
39239536
39239252
39233872
39228924
39221024
39221023
39220670
39220404
39220344
39220295
39220271
39220200
41626628
39211896
39206120
39205865
39193996
39193005
36479763
39186456
39186447
39186446
39186443
39186440
39185140
39184856
39184174
39183758
39176221
39176033
39175642
39170860
39170600
39157204
39148951
39148912
39148497
39148496
39145109
39144402
39137429
39135903
39132643
39132323
39130090
39129840
39121505
39119485
39114384
39113847
39108842
39108470
39104945
39104943
39104942
39104941
39104940
39104938
39104937
39104936
39104935
39104934
39104933
39104932
39104931
39104929
39104927
39104925
39104923
39104922
39104921
39100883
39100658
39100194
39100141
39092205
39091415
40959161
39071761
39071758
39071757
39071756
39070189
39055381
39050991
39048118
39045265
39045095
39036702
39036701
39036699
39036697
39036696
39036693
39036692
39036691
39036690
39036685
39036684
39036681
39036680
39036677
39036676
39036675
39036673
39036337
39035626
39035422
39035421
39035067
39022650
39022634
39022633
39022632
39022631
39022630
39022629
39022401
39022400
39022399
39022398
39022320
39022319
39022318
39022317
39022316
39022315
39022314
39022160
39022159
39022158
39022157
39022156
39022155
39022154
39022153
39022152
39022151
39022150
39022149
39022148
39022147
39022146
39022145
39022144
39022143
39022142
39022141
39022140
39022139
39022138
39022137
39022136
39022135
39022134
39022133
39021866
39021865
39021864
39021863
39021862
39021861
39021860
39021859
39021858
39021857
39021856
39021855
39021854
39021853
39021852
39021851
39021850
39021849
39021848
39021847
39021846
39021845
39021844
39021843
39021842
39021841
39021387
39021386
39021385
39015746
39007092
39005864
39005861
38989006
38988895
38978970
38974407
38974368
38974363
38966623
38966336
38966323
41489884
39190740
38957346
38957345
40969284
38948659
38948456
38948154
38948101
38947875
38939328
38938689
38919966
38919911
38919877
38919505
38912276
38911432
38911429
38911425
38911420
38911417
38911410
38911406
38911355
38910935
38900859
38895097
38884107
38883690
38883554
38872923
38864085
38863778
38863566
38863469
38859903
38859819
38855558
38855403
38855171
38854663
38846061
38846025
38840941
38835516
38828383
38828230
38827923
38827276
38827275
38826488
40809882
38818344
38818343
38818342
38818252
38818106
38818102
38818100
38818094
38818007
38818000
38817999
38817993
38817989
38817952
38817824
38817156
38817096
38813255
38813059
38807919
38807918
38807314
38803826
38803560
38800714
38800668
38800508
38800468
38800006
38800005
38800004
38800001
38800000
38799998
38799997
38799996
38799991
38799249
38799224
38799007
38798305
38798304
38798303
38784193
38784192
38784190
38784189
38784184
38784181
38779513
38779467
38779465
38779463
38779462
38779460
38779420
38779418
38779405
32525643
32134616
38774575
38774557
38774556
38770434
38770245
38768079
38765937
38765243
38765179
41489896
38751773
38751566
38737889
38737574
38736753
38736630
41489894
38725969
38725544
38725543
38721280
38720188
38720187
38720186
34807554
38718189
38716406
38716045
38716044
38715953
38708867
38708191
38706952
38706784
38706705
38706614
38699622
38699620
38699614
38699601
38699146
38698923
38698922
38698872
38694969
38694790
39466982
38686118
38686019
38681258
38681257
38681256
38681254
38681253
38681252
38681251
38681250
38681249
38681248
38681247
38681246
38681244
38681243
38681242
38681241
38681240
38680592
38680591
38680586
38680581
38680575
38680574
38680232
38666163
38666160
38661469
38661468
38661467
38661466
38661465
38661464
38660582
38660581
38660331
38660329
38660328
38660326
38660323
38660322
38660321
38660317
38655416
38655414
38655406
38655405
38655404
38654755
38652727
38648166
38648163
38646087
38645935
38645469
38645420
38644938
38638080
38638054
40163611
38633212
38632957
38632955
38623143
38620800
38618556
38618519
38617892
38617133
38616891
38616868
38616867
38603447
38603446
38603444
38603443
38603442
38603441
38603432
38603429
38603426
38603422
38603421
38603420
38603419
38603411
38603409
38603402
38603401
38603400
38603399
38603398
38603394
38603392
38603387
38603386
38603375
38603373
38603370
38603369
38603368
38603364
38603363
38603362
38603358
38603357
38603353
38603351
38603347
38603342
38603341
38603339
38603338
38603335
38603334
38603332
38603331
38603329
38603327
38603324
38603322
38603318
38603316
38603315
38603312
38603305
38603301
38603291
38603289
38603286
38603283
38603280
38603273
38603270
38603269
38603267
38603266
38603260
38603259
38603252
38603250
38603240
38603231
38603224
38603221
38603220
38603216
38603213
38603211
38603208
38603206
38603202
38603201
38603200
38603196
38603188
38603185
38603180
38603178
38603175
38603174
38603165
38603162
38603159
38603149
38603143
38603133
38603130
38603122
38603116
38603107
38603105
38603097
38603074
38603067
38603037
38603030
38603012
38602961
38602931
38602910
38601328
38601327
38601250
38601249
38601247
38601240
38601232
38601231
38601229
38601228
38601224
38601219
38595984
38591721
38591720
38591718
38590837
38587508
38586560
38577977
38577478
38577413
38577252
38577222
38577145
38577144
38577140
38577139
38577135
38577133
38576797
38576439
38573060
38572413
38569831
40809922
38560510
38560350
38560290
38559873
38559341
38554312
38554306
38554298
38550402
38550353
38545595
38545593
38545592
38545588
38545582
38545577
38545575
38545540
38545528
38545331
38529204
38529203
38529049
38528992
38528965
38525469
38525468
38525466
38525464
38525463
38525462
38525460
38525458
38525455
38525454
38525453
38525452
38525451
38525195
38524670
38524252
38524251
38524247
38523867
38523866
38520115
38520114
38520113
38520081
38520080
38516648
38516636
38516361
38516303
38516251
38516180
38516168
38515739
38515738
38515737
38515587
38515560
38515509
38515508
38510795
38510738
38510265
41489891
38505735
38505665
38505661
38505577
38505567
38505469
38505405
38505401
38505311
38505163
38505159
38505154
38505153
38505150
38504968
38504942
38504801
38504774
38504717
38504657
38504655
38504653
38504652
38504648
38504644
38501313
38501040
38500847
38497034
