33119245
41113085
40337058
40601805
40171150
40124851
32239880
39902434
39822702
39618435
39618433
39525480
39239252
39186447
39104942
39104921
39071758
39005864
38974363
38864085
38818007
38817993
38798305
38718189
38681249
38681242
38680575
29369573
38623143
38603240
38601219
38577977
38577139
38577133
38554312
38554306
38545593
38545577
38495778
38481466
38465222
38463030
38434475
38433798
38432873
38376320
38376319
38376302
38376284
38376283
38376281
38376278
38376273
38376271
38359985
38359982
38359978
38312978
38312969
38312965
38312957
38312827
38312824
38312822
38312811
38312810
38303475
38303460
38303441
38302242
38269174
40552313
38243562
38239631
38239407
38223827
38223012
38179340
38146754
38143787
38130283
38126024
38125776
38116825
38106819
38098945
38091511
38089088
38089087
38089086
38089085
38089083
38089082
38089081
38084042
38074205
38069800
38055341
38047047
38047011
38046542
38046539
38045870
38025187
38024440
38024435
38023821
38023698
38021281
38018721
38013849
37994341
37994339
37994335
37980057
37975025
37969615
37962057
37936984
40574929
37933880
37933633
37932215
37927331
37919976
37908266
37908250
37908248
37906782
37905202
37900054
37886198
37886182
37873727
37868631
37868628
37868172
37867623
37859295
37859290
37859283
37859280
37852628
37850593
37850592
37850170
37848617
37846635
37846634
37846633
37846631
37846628
37846626
37846115
37846114
37842097
37841298
37817755
37815945
37815944
37810194
37807982
37803809
37800167
37799393
37799382
37799378
37795723
37795716
37791235
37789945
37786661
37767358
37767311
37767080
37767068
37767067
37767065
37746544
37746541
37746194
37745903
37744182
37736341
37736340
37727832
37727829
37727012
37724260
37724259
37724258
37724257
37724032
37724031
37720440
37711577
37701513
37701507
37701506
37700859
37693072
37693066
37693055
37693046
37691994
37691992
37691991
37680741
37677795
37677794
37677793
37677792
37677791
37677790
37677789
37677788
37677787
37677786
37675336
37675002
37674988
37674909
37674907
37674906
37674671
37674666
37674665
37671384
37667894
37663901
37663164
37655330
37655327
37655325
37655313
37654845
37654838
37654835
37654831
37651376
37650698
37646068
37646066
37646065
37646060
37646057
37646055
37646053
37646052
37646049
37646048
37645164
37645031
37638369
37637030
37635916
37632907
37632906
37632896
37632890
37632889
37632888
37621346
37614979
37614685
37614642
37608989
37607384
37607383
37607382
37607381
37607380
37607379
37607378
37607375
37607374
37607373
37607372
37607371
37607370
37607369
37601149
37601147
37601146
37601143
37601005
37601000
37600295
37600290
37600288
37600285
37600219
37593105
37588788
37588586
37588584
37588576
37588209
37588202
37588199
37587989
37585133
37585132
37585130
37585084
37585050
37585043
37585035
37584386
37579484
37579460
37575887
37571934
37564866
37554940
37554492
37554208
37554202
37554182
37554179
37551167
37549983
37549982
37547507
37547498
37547496
37547494
37546495
37543909
37543908
37543900
37543897
37543886
37542400
37538165
37538158
37538151
37538150
37534705
37534350
37529797
37529796
37529795
37529370
37529293
37529112
37529006
37529004
37525448
37524308
37521875
37521874
37521873
37521449
37521002
37516529
37516528
37516522
37516519
37503959
37502567
37502498
37501935
37497245
37492744
37492742
37492740
37492736
37492735
37492727
37492726
37492711
37492710
37492709
37492706
37492704
37492703
37492681
37492674
37492671
37492662
37492652
37492362
37483653
37476071
37475975
37470217
37465775
37465463
37457226
37457220
37456600
37448999
37448996
37448995
37448616
37448615
37448613
37448610
37441290
37440949
37440772
37435467
37435463
37435460
37435459
37435457
37435455
37435454
37435453
37435451
37435447
37435433
37435221
37431479
37431478
37430969
37430487
37427014
37426511
37426503
37426372
37426368
37426362
37425049
37424586
37416734
37409327
37409098
37409097
37409095
37409092
37409091
37409090
37408772
37406079
37405245
37405240
37404617
37404599
37397559
37397558
37397551
37397548
37397541
37397537
37397533
37397532
37397519
37397518
37397513
37397418
37396570
37396553
37396544
37396536
37396533
37396532
37396530
37396522
37396519
37396515
37396510
37396508
37388628
37387720
37386681
37386584
37384024
37383992
37383931
37383417
37383415
37383413
37383407
37383404
37383347
37383343
37383334
37378271
37378006
39430217
39959674
37360938
37359942
37359941
37359940
37359936
37359927
37359926
37359925
37359924
37359915
37359913
37358170
37358169
37358159
37358156
37358146
37358122
37358096
37355976
37355862
37351147
37351131
37347072
37346757
37342680
37342386
37342385
37342384
37342383
37342379
37342377
37342376
37342370
37342367
37334071
37332306
37325608
37325502
37325488
37324803
37324794
37324505
37324373
37324317
37324316
37324314
37324313
37324311
37324310
37324309
37324308
37324307
37324305
37324302
37324300
37324298
37324297
37324296
37324295
37324293
37324291
37324042
37323608
37323603
37323560
37323553
37323466
37319003
37313369
37313050
37309513
37309499
37309491
37308442
37305401
37305400
37305399
37305398
37305397
37305350
37305348
37305347
37305327
37305326
37305324
37305162
37305161
37305159
37305018
37305017
37305016
37305015
37304796
37304794
37304675
37304673
37304672
37304670
37304650
37304649
37304648
37304647
37304466
37304463
37304413
37304411
37304009
37304008
37304007
37303943
37303942
37303940
37303939
37303938
37303494
37303493
37303492
37303491
37288004
37284556
37284233
37284227
37283850
37283020
37275597
37275120
37275092
37275079
37275057
37275034
37275032
37275015
37275013
37274999
37274995
37274994
37274991
37274986
37274984
37274982
37274978
37274960
37274903
37274901
37274881
37274879
37274872
37274847
37273952
37273925
37272551
37272323
37272322
37266110
37265758
37265550
37263259
39815906
37261303
37261203
37261200
37261197
37261194
37261193
37261133
37261129
37261127
37260927
37260926
37260923
37260922
37260428
37255805
37255783
37255653
37255550
37255158
37252274
37251557
37250877
37250668
37250665
37250663
37250193
37250157
37250147
37246659
37246658
37246656
37234677
37234675
37234391
37234390
37234195
37234186
37234185
37234183
37234179
37228440
37228360
37226274
37223761
37223641
37223539
37223533
37223531
37223515
37223509
37223224
37223105
37223104
37219173
37219158
37214510
37214495
37213870
37213780
37213777
37213773
37213771
37213765
37213761
37213754
37213742
37213740
37213736
37213720
37209580
37209004
37207134
37206237
37206160
37205015
37199203
37198178
37197745
37197646
37197645
37197569
37197568
37197567
37197566
37197565
37196461
37193554
37193510
37193354
37193219
37193047
37193046
37192963
37192910
37191644
37188159
37188131
37188129
37187829
37187476
37187475
37181790
37181789
37181314
37181133
37181120
37180866
37180614
37180422
37180371
37180090
37179967
37179901
37179900
37172546
37171130
37167817
37167507
37161965
37161885
37161827
37159758
37159756
37159737
37158459
37158265
37158264
37155324
37153924
37152890
37152881
37152880
37152784
37152780
37152778
37152777
37152774
37152773
37152770
37152082
37152081
37152079
37151409
37146302
37145811
37145810
37145732
37145718
37145716
37145713
37145712
37145554
37145538
37145537
37144232
37144168
37139481
37139433
37139430
37139426
37139423
37139414
37139413
37139411
37139410
37139408
37139406
37139405
37137187
37132645
37130182
37130181
37130177
37130176
37130175
37128466
37128456
37128447
37128415
37128408
37128397
37128387
37128268
37125512
37125020
37124687
37124580
37124407
37124318
37123162
37123149
37123148
37123119
37118075
37117752
37117740
37116911
37114313
37114307
37114302
37114256
37114252
37114251
37114250
37113805
37113653
37113453
37105900
37105769
37103444
37103443
37103442
37103439
37103438
37103437
37103436
37103426
37101605
37101603
37101428
37099798
37099790
37099789
37099788
37099786
37099785
37099784
37099782
37099780
37099779
37099777
37099766
37098276
37096019
37095594
37092104
37092101
37092093
37092091
37092087
37092084
37092074
37092061
37092050
37092044
37091947
37091089
37091083
37090448
37090261
37090044
37090027
37089676
37089470
37088775
37088774
37088763
37087562
37087560
37086497
37086496
37086462
37082709
37082587
37082565
37082519
37082114
37082099
37082098
37082086
37082082
37082081
37082062
37082061
37082060
37082058
37082056
37082050
37082048
37082043
37082042
37082040
37082039
37081944
37081928
37081912
37078959
37078958
37078957
37078954
37078953
37078951
37078946
37078944
37078942
37078939
37078934
37078933
37078928
37078846
37078845
37078844
37078843
37078004
37078003
37077808
37073906
37073385
37072152
37070625
37067872
37066112
37066054
37065840
37065530
37064973
37064966
37064934
37064568
37064564
37064563
37064561
37064258
37063404
37063403
37063401
37063395
37063144
37063117
37063116
37063037
37063031
37063027
37062975
37061335
37061331
37061273
37057255
37056715
37056277
37056270
37056267
37056079
37055998
37053029
37052152
37051967
37042776
37042375
37041948
37041780
37041767
37041670
37039757
37039607
37039194
37039116
37038461
37035713
