40438199
40110575
39669593
39669257
39491176
39473988
39416692
39329069
39328784
39314265
39253579
39221073
39145335
39126419
39086685
39072207
39070189
38994248
38994247
38993185
38974368
38948709
38935954
38933491
38919591
38895601
38868520
38868211
38860195
38846177
38840866
38817952
38765697
38739373
38699459
38645306
38606050
38585550
38577633
38562180
38550940
38550937
38549846
38549845
38533130
38510173
38505116
38495448
38490763
38487694
38469463
38468749
38465224
38464738
38459879
38455895
38454967
38449836
38445418
38434623
38431953
38390220
38384493
38381508
38376831
38376273
38374928
38371640
38371639
38371635
38371332
38370545
38361822
38359982
38359791
38357363
38357143
38352060
38348362
38344450
38343780
38343592
38343445
38333042
38328621
38328583
38327333
38327316
38327296
38327288
38314025
38312358
38312357
38312323
38299173
38293621
38293557
38292977
38292304
38291851
38288416
38288254
38288219
38288110
38283610
38283606
38283605
38283604
38282730
38277823
38275953
38274996
38274813
38274229
38273944
38262770
38261827
38260847
38260726
38260124
38260096
38259974
38259948
38259926
38259913
38259619
38259456
38257891
38257848
38257770
38257766
38254953
38254952
38254917
38254912
38253067
38251610
38250577
38250572
38250438
38249473
38249111
38248925
38248716
38246798
38240263
38239855
38239852
38239810
38239723
38238216
38235404
38235207
38234741
38234449
38234384
38230306
38229927
38229898
38228059
38227525
38226169
38225981
38225095
38223684
38223535
38222458
38220428
38217083
38213885
38213701
38205435
38205343
38205165
38204702
38203438
38203325
38203237
38203190
38202386
38201563
38201529
38201289
38200865
38200737
38197079
38195376
38193103
38192676
38192593
38192293
38190108
38189499
38189340
38188910
38188633
38188626
38188565
38188342
38188239
38188237
38187885
38187707
38187551
38187222
38187050
38186568
38186255
38179410
38179408
38177592
38177382
38173926
38173433
38169984
38169859
38169762
38169669
38168446
38168416
38168374
38168243
38168160
38168154
38164890
38163608
38163566
38163482
38162678
38162676
38162307
38162198
38161892
38161597
38161415
38161374
38161136
38161109
38160993
38159881
38159276
38158512
38158305
38158197
38157931
38157295
38156989
38156319
38155952
38155883
38155853
40747458
38155707
38155593
38155575
38155570
38155353
38155342
38155192
38155043
38154183
38153986
38153926
38153569
38153530
38152702
38152656
38152303
38151537
38151380
38150521
38150356
38149996
38149842
38149334
38149253
38149246
38148982
38148866
38148862
38148217
38148190
38148006
38147406
38147145
38147140
38146927
38146613
38146367
38146295
38146286
38146206
38146089
38145160
38144565
38144469
38144182
38143906
38143900
38143740
38143331
38143269
38142731
38142528
38142398
38142397
38142265
38142051
38141912
38141875
38140734
38140696
38140678
38140643
38140572
38140507
38139421
38139417
38139383
38138992
38138214
38138130
38138066
38137940
38137519
38137048
38137040
38137031
38137023
38136997
38136992
38136968
38136967
38136797
38136748
38136595
38136439
38136296
38136016
38135730
38135606
38134226
38133879
38133293
38133133
38132670
38132619
38132069
38131808
38131272
38131200
38130927
38130901
38130880
38130850
38130025
38129981
38129938
38129834
38129455
38129445
38129392
38128792
38128728
38128726
38128503
38128495
38128494
38128187
38126872
38126779
38126769
38126735
38126226
38125750
38125748
38124541
38124500
38124367
38124028
38123679
38123589
38123003
38118447
38118202
38117614
38117315
38117029
38116932
38116656
38116129
38116115
38115737
38115511
38114899
38114804
38114626
38114467
38114456
38114208
38113555
38113267
38112751
38112453
38112302
38112228
38112080
38112031
38111661
38111509
38111157
38111113
38111063
38111041
38111038
38111036
38110872
38110858
38110827
38110715
38110524
38109854
38108811
38108560
38108507
38108451
38108207
38108035
38107654
38107458
38107431
38107295
38106540
38106505
38106437
38106430
38106205
38106151
38106136
38106032
38105686
38105277
38105238
38104187
38103942
38103550
38103548
38102833
38102708
38102655
38102575
38102156
38101163
38100514
38100433
38100404
38100178
38100144
38099997
38099574
38098796
38098742
38098473
38098424
38098270
38097959
38097934
38097928
38097386
38097118
38097035
40134794
40134792
38096588
38096504
38096378
38096292
38095362
38095310
38095191
38095107
38094940
38094754
38094680
38094618
38093720
38093225
38093095
38093045
38093018
38093010
38093005
38093003
38092944
38092795
38092485
38092483
38092109
38091988
38091963
38091953
38091606
38091581
38091523
38091511
38091153
38090153
38090152
38090148
38089902
38089814
38089807
38089476
38088974
38088602
38088546
38088390
38087939
38087341
38087302
38087200
38087029
38086985
38086335
38086287
38085797
38085368
38085288
38085056
38084973
38084851
38084755
38084377
38084291
38083988
38081806
38079352
38079228
38079206
38079196
38078888
38078757
38078653
38078558
38078107
38077085
38077053
38076927
38076902
38076879
38076855
38076769
38076762
38076483
38076247
38075907
38075893
38075891
38075871
38075441
38075439
38075396
38074824
38074420
38074291
38074090
38073011
38072827
38071755
38071357
38071193
38071191
38071177
38070800
38070594
38070563
38070525
38070417
38070037
38069522
38069314
38069165
38069003
38068961
38068917
38068688
38068624
38067373
38067237
38067234
38067168
38066926
38066817
38066094
38065624
38065478
38065441
38065367
38065097
38065078
38065076
38064511
38064184
38063293
38062703
38062537
38062371
38062370
38062354
38062109
38060519
38060294
38060084
38059894
38059790
38059513
38059428
38059331
38058405
38058352
38058312
38058305
38057692
38057611
38057514
38057459
38057329
38057256
38056058
38055803
38055775
38055613
38055287
38055129
38054968
38054713
38054710
38054561
38054426
38054407
38054150
38053664
38053559
38053317
38053191
38053109
38053056
38053038
38052842
38052835
38052687
38052212
38052173
38052161
39816660
38051462
38051360
38051276
38051195
38051037
38050704
38050240
38049914
38049825
38049719
38049398
38049234
40225155
38048560
38047889
38047760
38047356
38047235
38046611
38046610
38045720
38045682
38045425
38045341
38045323
38043729
38043008
38042963
38042927
38042605
38042219
38041600
38041056
38041043
38040628
38040545
38040070
38039896
38039877
38039738
40395739
40255629
40206429
39867504
39866506
38038743
38038468
38038466
38038347
38037399
38037159
38036971
38036791
38036786
38036563
38036415
38035860
38035476
38035130
38035042
38034730
38034688
38034660
38034654
38034572
38034325
38033594
38033569
38033186
38032818
38032794
38032189
38032126
38031909
38030421
38030253
38029652
38029384
38029201
38029199
38029165
38029162
38029151
38029128
38029109
38029103
38029076
38029062
38028621
38028595
38028590
38028533
38027682
38027090
38027011
38026666
38026217
38026212
38026171
38025697
38025398
38025345
38025229
38025193
38025192
38024640
38024632
38024596
38023923
38023918
38023911
38023885
38023871
38023861
38023482
38023478
38023476
38023347
38023160
38023065
38023064
38022849
38022619
38022486
38022232
38021397
38020971
38020970
38020968
38020967
38020908
38020533
38020187
38019867
38019744
38019649
38019123
38018979
38018967
38018846
38018020
38017557
38017547
38017297
38017284
38017137
38016996
38016473
38015713
38015400
38015077
38014754
38014725
38014710
38014137
38014084
38014015
38013849
38013666
38013648
38013623
38013198
38012906
38012374
38012346
38012331
38012268
38012121
38012024
38010882
38010648
38010517
38010361
38010138
38010064
38009923
38009707
38009661
38009656
38009398
38009359
38009111
38009104
38008807
38008783
38008725
38008714
38008534
38008395
38008221
38008153
38008117
38008112
38007968
38007823
38007624
38007613
38007538
38007360
38007058
38005943
38005939
38004828
38004814
38004763
38004745
38004738
38004670
38004421
38004408
38004267
38003719
38003552
38003300
38003266
38003049
38003031
38003006
38002983
38002978
38002957
38002453
38002249
38001911
38001875
38001496
38001428
38000891
38000782
38000583
38000202
37999956
37999940
37999758
37999589
37999242
37999087
37999072
37999036
37998899
37998877
37998782
37998735
37998722
37998548
37997999
37997006
37996899
37995890
37995693
37995688
37995684
37995432
37995357
37995323
37995319
37995194
37995054
37994879
37994766
37994764
37994762
37994754
37994753
37994752
37994751
37994750
37994749
37994748
37994747
37994746
37994745
37994744
37994743
37994448
37994168
37994143
37994142
37994141
37994140
37994139
37994138
37994137
37994135
37994134
37994131
37994112
37993994
37993966
37993778
37993617
37993509
37993316
37993283
37992712
37992546
37992003
37991546
37991376
37991359
37990807
37990577
37990498
37990202
37990143
37989980
37989654
37989620
37989536
37988199
37987559
37987553
37987152
37986960
37986917
37986891
37986785
37986706
37986038
37986036
37985969
37985831
37985807
37985530
37985390
37984853
37984710
37984104
37983917
37983004
37982820
37982734
37982710
37982643
37982113
37981861
37981859
37981687
37981586
37981525
37980569
37979669
37979340
37979077
37978805
